1.70000000e+002 6.41000000e+000 1.00000000e+000 5.10000000e+001 1.00000000e+000
1.34000000e+002 3.50000000e+000 1.00000000e+000 6.00000000e+001 1.00000000e+000
1.32000000e+002 6.47000000e+000 1.00000000e+000 6.20000000e+001 0.00000000e+000
1.42000000e+002 3.38000000e+000 0.00000000e+000 5.90000000e+001 0.00000000e+000
1.14000000e+002 4.59000000e+000 1.00000000e+000 6.20000000e+001 1.00000000e+000
1.14000000e+002 3.83000000e+000 1.00000000e+000 4.90000000e+001 0.00000000e+000
1.32000000e+002 5.80000000e+000 1.00000000e+000 6.90000000e+001 1.00000000e+000
2.06000000e+002 2.95000000e+000 0.00000000e+000 7.20000000e+001 1.00000000e+000
1.34000000e+002 4.44000000e+000 1.00000000e+000 6.50000000e+001 1.00000000e+000
1.18000000e+002 1.88000000e+000 0.00000000e+000 5.90000000e+001 0.00000000e+000
1.32000000e+002 1.87000000e+000 0.00000000e+000 4.90000000e+001 0.00000000e+000
1.12000000e+002 2.29000000e+000 1.00000000e+000 5.40000000e+001 0.00000000e+000
1.17000000e+002 2.44000000e+000 1.00000000e+000 3.50000000e+001 0.00000000e+000
1.20000000e+002 1.53300000e+001 0.00000000e+000 6.00000000e+001 0.00000000e+000
1.46000000e+002 8.29000000e+000 1.00000000e+000 7.80000000e+001 1.00000000e+000
1.58000000e+002 7.46000000e+000 1.00000000e+000 6.10000000e+001 1.00000000e+000
1.24000000e+002 6.23000000e+000 1.00000000e+000 4.50000000e+001 1.00000000e+000
1.06000000e+002 1.74000000e+000 0.00000000e+000 7.40000000e+001 1.00000000e+000
1.32000000e+002 2.85000000e+000 1.00000000e+000 5.10000000e+001 0.00000000e+000
1.50000000e+002 6.38000000e+000 1.00000000e+000 6.20000000e+001 0.00000000e+000
1.38000000e+002 3.81000000e+000 0.00000000e+000 5.40000000e+001 0.00000000e+000
1.42000000e+002 4.34000000e+000 0.00000000e+000 6.10000000e+001 0.00000000e+000
1.24000000e+002 1.24200000e+001 1.00000000e+000 5.40000000e+001 1.00000000e+000
1.18000000e+002 9.65000000e+000 0.00000000e+000 6.00000000e+001 0.00000000e+000
1.45000000e+002 5.24000000e+000 0.00000000e+000 5.90000000e+001 1.00000000e+000
1.44000000e+002 5.55000000e+000 1.00000000e+000 6.00000000e+001 0.00000000e+000
1.46000000e+002 6.62000000e+000 0.00000000e+000 6.00000000e+001 1.00000000e+000
1.36000000e+002 3.95000000e+000 0.00000000e+000 5.10000000e+001 1.00000000e+000
1.58000000e+002 6.33000000e+000 0.00000000e+000 6.60000000e+001 1.00000000e+000
1.22000000e+002 5.58000000e+000 1.00000000e+000 5.30000000e+001 1.00000000e+000
1.26000000e+002 6.53000000e+000 0.00000000e+000 4.90000000e+001 1.00000000e+000
1.48000000e+002 7.10000000e+000 0.00000000e+000 5.60000000e+001 0.00000000e+000
1.22000000e+002 4.44000000e+000 0.00000000e+000 5.70000000e+001 1.00000000e+000
1.40000000e+002 7.32000000e+000 0.00000000e+000 4.70000000e+001 0.00000000e+000
1.10000000e+002 4.55000000e+000 0.00000000e+000 4.80000000e+001 0.00000000e+000
1.30000000e+002 2.82000000e+000 1.00000000e+000 7.00000000e+001 0.00000000e+000
1.36000000e+002 5.81000000e+000 1.00000000e+000 7.50000000e+001 1.00000000e+000
1.18000000e+002 5.80000000e+000 1.00000000e+000 6.00000000e+001 1.00000000e+000
1.44000000e+002 3.38000000e+000 0.00000000e+000 3.00000000e+001 0.00000000e+000
1.20000000e+002 1.07000000e+000 0.00000000e+000 4.70000000e+001 0.00000000e+000
1.30000000e+002 2.72000000e+000 1.00000000e+000 5.10000000e+001 1.00000000e+000
1.14000000e+002 2.99000000e+000 0.00000000e+000 5.40000000e+001 0.00000000e+000
1.28000000e+002 3.31000000e+000 0.00000000e+000 6.20000000e+001 0.00000000e+000
1.62000000e+002 8.55000000e+000 1.00000000e+000 6.40000000e+001 1.00000000e+000
1.16000000e+002 7.56000000e+000 1.00000000e+000 5.20000000e+001 1.00000000e+000
1.14000000e+002 1.94000000e+000 0.00000000e+000 5.40000000e+001 0.00000000e+000
1.26000000e+002 3.88000000e+000 0.00000000e+000 5.70000000e+001 0.00000000e+000
1.22000000e+002 5.75000000e+000 1.00000000e+000 4.60000000e+001 0.00000000e+000
1.34000000e+002 3.66000000e+000 0.00000000e+000 5.20000000e+001 0.00000000e+000
1.52000000e+002 9.12000000e+000 0.00000000e+000 5.60000000e+001 1.00000000e+000
1.34000000e+002 1.55000000e+000 1.00000000e+000 5.60000000e+001 1.00000000e+000
1.56000000e+002 1.82000000e+000 0.00000000e+000 6.00000000e+001 0.00000000e+000
1.52000000e+002 7.99000000e+000 0.00000000e+000 4.50000000e+001 0.00000000e+000
1.18000000e+002 2.99000000e+000 0.00000000e+000 4.90000000e+001 0.00000000e+000
1.26000000e+002 2.96000000e+000 0.00000000e+000 5.50000000e+001 1.00000000e+000
1.03000000e+002 4.21000000e+000 0.00000000e+000 4.80000000e+001 0.00000000e+000
1.21000000e+002 5.29000000e+000 1.00000000e+000 4.70000000e+001 0.00000000e+000
1.42000000e+002 1.80000000e+000 0.00000000e+000 5.70000000e+001 0.00000000e+000
1.38000000e+002 5.09000000e+000 1.00000000e+000 6.10000000e+001 0.00000000e+000
1.52000000e+002 4.71000000e+000 1.00000000e+000 6.50000000e+001 0.00000000e+000
1.40000000e+002 4.30000000e+000 0.00000000e+000 4.10000000e+001 0.00000000e+000
1.30000000e+002 1.82000000e+000 0.00000000e+000 5.70000000e+001 0.00000000e+000
1.36000000e+002 2.19000000e+000 1.00000000e+000 6.10000000e+001 0.00000000e+000
1.24000000e+002 3.24000000e+000 1.00000000e+000 4.80000000e+001 0.00000000e+000
1.12000000e+002 1.88000000e+000 0.00000000e+000 3.90000000e+001 0.00000000e+000
1.18000000e+002 7.27000000e+000 1.00000000e+000 4.80000000e+001 0.00000000e+000
1.22000000e+002 3.37000000e+000 0.00000000e+000 6.70000000e+001 1.00000000e+000
1.18000000e+002 3.67000000e+000 0.00000000e+000 5.10000000e+001 0.00000000e+000
1.30000000e+002 2.66000000e+000 0.00000000e+000 6.80000000e+001 0.00000000e+000
1.30000000e+002 3.37000000e+000 0.00000000e+000 5.80000000e+001 0.00000000e+000
1.26000000e+002 5.03000000e+000 1.00000000e+000 5.00000000e+001 0.00000000e+000
1.28000000e+002 6.17000000e+000 0.00000000e+000 6.40000000e+001 0.00000000e+000
1.36000000e+002 4.12000000e+000 0.00000000e+000 5.20000000e+001 0.00000000e+000
1.34000000e+002 5.90000000e+000 0.00000000e+000 4.90000000e+001 0.00000000e+000
1.40000000e+002 5.56000000e+000 1.00000000e+000 5.80000000e+001 1.00000000e+000
1.68000000e+002 6.68000000e+000 0.00000000e+000 4.30000000e+001 1.00000000e+000
1.08000000e+002 5.91000000e+000 1.00000000e+000 5.70000000e+001 0.00000000e+000
1.14000000e+002 7.04000000e+000 1.00000000e+000 5.50000000e+001 1.00000000e+000
1.40000000e+002 4.93000000e+000 0.00000000e+000 5.30000000e+001 1.00000000e+000
1.48000000e+002 6.09000000e+000 1.00000000e+000 6.30000000e+001 1.00000000e+000
1.48000000e+002 3.79000000e+000 0.00000000e+000 5.70000000e+001 1.00000000e+000
1.28000000e+002 2.43000000e+000 1.00000000e+000 6.30000000e+001 0.00000000e+000
1.30000000e+002 3.30000000e+000 0.00000000e+000 4.90000000e+001 0.00000000e+000
1.26000000e+002 4.49000000e+000 0.00000000e+000 6.70000000e+001 1.00000000e+000
1.40000000e+002 5.08000000e+000 1.00000000e+000 4.10000000e+001 0.00000000e+000
1.26000000e+002 5.64000000e+000 1.00000000e+000 5.50000000e+001 0.00000000e+000
1.22000000e+002 4.04000000e+000 0.00000000e+000 3.40000000e+001 0.00000000e+000
1.16000000e+002 2.83000000e+000 0.00000000e+000 4.50000000e+001 0.00000000e+000
1.20000000e+002 4.02000000e+000 0.00000000e+000 6.10000000e+001 1.00000000e+000
1.43000000e+002 2.40000000e+000 0.00000000e+000 6.20000000e+001 0.00000000e+000
1.18000000e+002 3.95000000e+000 0.00000000e+000 5.40000000e+001 1.00000000e+000
1.94000000e+002 6.32000000e+000 0.00000000e+000 4.70000000e+001 0.00000000e+000
1.34000000e+002 4.37000000e+000 0.00000000e+000 5.60000000e+001 0.00000000e+000
1.38000000e+002 4.90000000e+000 1.00000000e+000 3.90000000e+001 0.00000000e+000
1.36000000e+002 5.00000000e+000 1.00000000e+000 4.90000000e+001 0.00000000e+000
1.22000000e+002 1.13200000e+001 1.00000000e+000 5.50000000e+001 1.00000000e+000
1.64000000e+002 3.91000000e+000 0.00000000e+000 5.10000000e+001 0.00000000e+000
1.36000000e+002 7.85000000e+000 1.00000000e+000 5.10000000e+001 0.00000000e+000
1.66000000e+002 4.03000000e+000 0.00000000e+000 5.30000000e+001 0.00000000e+000
1.18000000e+002 4.34000000e+000 1.00000000e+000 5.20000000e+001 0.00000000e+000
1.28000000e+002 4.60000000e+000 0.00000000e+000 4.10000000e+001 0.00000000e+000
1.18000000e+002 5.38000000e+000 0.00000000e+000 6.40000000e+001 0.00000000e+000
1.58000000e+002 2.97000000e+000 0.00000000e+000 6.30000000e+001 0.00000000e+000
1.08000000e+002 4.33000000e+000 0.00000000e+000 6.60000000e+001 1.00000000e+000
1.70000000e+002 5.50000000e+000 1.00000000e+000 4.20000000e+001 1.00000000e+000
1.18000000e+002 5.76000000e+000 0.00000000e+000 6.20000000e+001 0.00000000e+000
1.24000000e+002 3.04000000e+000 0.00000000e+000 4.90000000e+001 0.00000000e+000
1.14000000e+002 8.01000000e+000 0.00000000e+000 6.60000000e+001 0.00000000e+000
1.68000000e+002 8.53000000e+000 1.00000000e+000 6.90000000e+001 1.00000000e+000
1.34000000e+002 3.66000000e+000 0.00000000e+000 5.20000000e+001 0.00000000e+000
1.74000000e+002 8.46000000e+000 1.00000000e+000 3.50000000e+001 1.00000000e+000
1.16000000e+002 3.17000000e+000 0.00000000e+000 4.70000000e+001 1.00000000e+000
1.28000000e+002 1.05800000e+001 1.00000000e+000 4.60000000e+001 0.00000000e+000
1.40000000e+002 4.59000000e+000 0.00000000e+000 6.30000000e+001 1.00000000e+000
1.54000000e+002 5.91000000e+000 0.00000000e+000 1.30000000e+001 0.00000000e+000
1.50000000e+002 6.99000000e+000 1.00000000e+000 5.00000000e+001 1.00000000e+000
1.30000000e+002 3.92000000e+000 0.00000000e+000 6.80000000e+001 0.00000000e+000
1.28000000e+002 6.13000000e+000 0.00000000e+000 6.60000000e+001 0.00000000e+000
1.20000000e+002 6.25000000e+000 0.00000000e+000 6.00000000e+001 0.00000000e+000
1.20000000e+002 5.01000000e+000 0.00000000e+000 6.40000000e+001 0.00000000e+000
1.38000000e+002 2.85000000e+000 0.00000000e+000 5.50000000e+001 1.00000000e+000
1.53000000e+002 3.96000000e+000 0.00000000e+000 5.40000000e+001 0.00000000e+000
1.23000000e+002 1.11700000e+001 1.00000000e+000 7.00000000e+001 1.00000000e+000
1.48000000e+002 3.99000000e+000 0.00000000e+000 6.00000000e+001 0.00000000e+000
1.36000000e+002 2.76000000e+000 1.00000000e+000 5.00000000e+001 0.00000000e+000
1.34000000e+002 7.41000000e+000 0.00000000e+000 3.50000000e+001 1.00000000e+000
1.52000000e+002 4.04000000e+000 1.00000000e+000 6.30000000e+001 0.00000000e+000
1.58000000e+002 5.04000000e+000 0.00000000e+000 5.40000000e+001 0.00000000e+000
1.32000000e+002 3.08000000e+000 0.00000000e+000 4.50000000e+001 1.00000000e+000
1.34000000e+002 3.73000000e+000 0.00000000e+000 4.10000000e+001 1.00000000e+000
1.42000000e+002 5.52000000e+000 0.00000000e+000 4.70000000e+001 0.00000000e+000
1.34000000e+002 3.30000000e+000 0.00000000e+000 6.50000000e+001 0.00000000e+000
1.22000000e+002 9.05000000e+000 1.00000000e+000 4.40000000e+001 1.00000000e+000
1.16000000e+002 3.69000000e+000 0.00000000e+000 5.50000000e+001 0.00000000e+000
1.28000000e+002 3.70000000e+000 1.00000000e+000 6.60000000e+001 0.00000000e+000
1.20000000e+002 3.68000000e+000 0.00000000e+000 5.10000000e+001 0.00000000e+000
1.24000000e+002 3.95000000e+000 1.00000000e+000 5.90000000e+001 0.00000000e+000
1.60000000e+002 5.90000000e+000 0.00000000e+000 5.80000000e+001 1.00000000e+000
1.30000000e+002 4.89000000e+000 1.00000000e+000 6.30000000e+001 1.00000000e+000
1.28000000e+002 5.53000000e+000 0.00000000e+000 6.40000000e+001 0.00000000e+000
1.30000000e+002 5.86000000e+000 0.00000000e+000 6.10000000e+001 0.00000000e+000
1.09000000e+002 6.14000000e+000 0.00000000e+000 4.70000000e+001 0.00000000e+000
1.44000000e+002 3.84000000e+000 0.00000000e+000 5.60000000e+001 0.00000000e+000
1.18000000e+002 3.16000000e+000 1.00000000e+000 4.60000000e+001 0.00000000e+000
1.36000000e+002 6.38000000e+000 1.00000000e+000 4.30000000e+001 1.00000000e+000
1.36000000e+002 6.06000000e+000 0.00000000e+000 5.40000000e+001 1.00000000e+000
1.24000000e+002 5.05000000e+000 0.00000000e+000 4.60000000e+001 1.00000000e+000
1.48000000e+002 6.49000000e+000 0.00000000e+000 4.80000000e+001 0.00000000e+000
1.28000000e+002 3.58000000e+000 0.00000000e+000 5.50000000e+001 0.00000000e+000
1.22000000e+002 4.19000000e+000 0.00000000e+000 6.10000000e+001 0.00000000e+000
1.08000000e+002 2.74000000e+000 0.00000000e+000 5.30000000e+001 0.00000000e+000
1.24000000e+002 4.80000000e+000 1.00000000e+000 6.00000000e+001 1.00000000e+000
1.38000000e+002 3.12000000e+000 1.00000000e+000 6.30000000e+001 1.00000000e+000
1.27000000e+002 2.81000000e+000 0.00000000e+000 4.20000000e+001 0.00000000e+000
1.74000000e+002 5.13000000e+000 0.00000000e+000 5.50000000e+001 0.00000000e+000
1.22000000e+002 3.05000000e+000 0.00000000e+000 4.60000000e+001 0.00000000e+000
1.44000000e+002 5.45000000e+000 0.00000000e+000 5.30000000e+001 1.00000000e+000
1.26000000e+002 6.22000000e+000 0.00000000e+000 6.50000000e+001 0.00000000e+000
2.08000000e+002 3.12000000e+000 0.00000000e+000 6.60000000e+001 1.00000000e+000
1.38000000e+002 2.68000000e+000 0.00000000e+000 4.20000000e+001 0.00000000e+000
1.48000000e+002 3.84000000e+000 0.00000000e+000 7.00000000e+001 0.00000000e+000
1.22000000e+002 3.08000000e+000 0.00000000e+000 4.30000000e+001 0.00000000e+000
1.32000000e+002 3.20000000e+000 0.00000000e+000 7.70000000e+001 0.00000000e+000
1.10000000e+002 4.99000000e+000 0.00000000e+000 4.40000000e+001 1.00000000e+000
1.60000000e+002 8.12000000e+000 1.00000000e+000 5.40000000e+001 1.00000000e+000
1.26000000e+002 4.39000000e+000 1.00000000e+000 4.50000000e+001 0.00000000e+000
1.62000000e+002 7.95000000e+000 1.00000000e+000 5.80000000e+001 0.00000000e+000
1.94000000e+002 6.89000000e+000 1.00000000e+000 6.90000000e+001 0.00000000e+000
1.18000000e+002 2.58000000e+000 0.00000000e+000 5.90000000e+001 0.00000000e+000
1.24000000e+002 4.79000000e+000 0.00000000e+000 4.90000000e+001 0.00000000e+000
1.60000000e+002 2.42000000e+000 0.00000000e+000 4.80000000e+001 0.00000000e+000
1.28000000e+002 2.51000000e+000 1.00000000e+000 5.30000000e+001 0.00000000e+000
1.22000000e+002 5.24000000e+000 1.00000000e+000 4.50000000e+001 1.00000000e+000
1.32000000e+002 2.70000000e+000 1.00000000e+000 5.00000000e+001 0.00000000e+000
1.20000000e+002 2.42000000e+000 0.00000000e+000 4.60000000e+001 0.00000000e+000
1.28000000e+002 8.22000000e+000 0.00000000e+000 6.50000000e+001 0.00000000e+000
1.08000000e+002 4.91000000e+000 0.00000000e+000 4.10000000e+001 0.00000000e+000
1.66000000e+002 4.31000000e+000 0.00000000e+000 4.50000000e+001 0.00000000e+000
1.52000000e+002 6.06000000e+000 1.00000000e+000 5.10000000e+001 0.00000000e+000
1.70000000e+002 4.67000000e+000 1.00000000e+000 5.00000000e+001 1.00000000e+000
1.56000000e+002 2.05000000e+000 1.00000000e+000 5.00000000e+001 1.00000000e+000
1.16000000e+002 6.73000000e+000 1.00000000e+000 4.10000000e+001 1.00000000e+000
1.22000000e+002 3.18000000e+000 1.00000000e+000 5.90000000e+001 1.00000000e+000
1.50000000e+002 6.40000000e+000 0.00000000e+000 5.30000000e+001 0.00000000e+000
1.29000000e+002 5.17000000e+000 0.00000000e+000 5.20000000e+001 0.00000000e+000
1.34000000e+002 6.58000000e+000 1.00000000e+000 5.50000000e+001 0.00000000e+000
1.26000000e+002 5.98000000e+000 1.00000000e+000 5.60000000e+001 1.00000000e+000
1.42000000e+002 3.72000000e+000 0.00000000e+000 4.80000000e+001 1.00000000e+000
1.28000000e+002 4.90000000e+000 1.00000000e+000 7.20000000e+001 1.00000000e+000
1.02000000e+002 3.41000000e+000 1.00000000e+000 5.60000000e+001 1.00000000e+000
1.30000000e+002 4.89000000e+000 0.00000000e+000 7.20000000e+001 0.00000000e+000
1.38000000e+002 2.79000000e+000 0.00000000e+000 4.60000000e+001 0.00000000e+000
1.38000000e+002 1.96000000e+000 1.00000000e+000 5.40000000e+001 0.00000000e+000
1.28000000e+002 3.09000000e+000 0.00000000e+000 5.40000000e+001 0.00000000e+000
1.62000000e+002 3.63000000e+000 0.00000000e+000 6.20000000e+001 0.00000000e+000
1.60000000e+002 9.19000000e+000 1.00000000e+000 3.90000000e+001 1.00000000e+000
1.48000000e+002 4.66000000e+000 0.00000000e+000 5.00000000e+001 0.00000000e+000
1.24000000e+002 2.44000000e+000 0.00000000e+000 6.50000000e+001 0.00000000e+000
1.36000000e+002 4.37000000e+000 1.00000000e+000 5.90000000e+001 1.00000000e+000
1.34000000e+002 5.51000000e+000 0.00000000e+000 5.70000000e+001 0.00000000e+000
1.28000000e+002 3.97000000e+000 0.00000000e+000 5.40000000e+001 0.00000000e+000
1.22000000e+002 3.59000000e+000 1.00000000e+000 4.50000000e+001 0.00000000e+000
1.52000000e+002 4.64000000e+000 0.00000000e+000 4.10000000e+001 0.00000000e+000
1.62000000e+002 5.09000000e+000 1.00000000e+000 6.40000000e+001 0.00000000e+000
1.24000000e+002 6.65000000e+000 1.00000000e+000 5.40000000e+001 0.00000000e+000
1.36000000e+002 5.90000000e+000 0.00000000e+000 6.50000000e+001 0.00000000e+000
1.36000000e+002 4.26000000e+000 1.00000000e+000 5.20000000e+001 0.00000000e+000
1.34000000e+002 8.03000000e+000 0.00000000e+000 4.80000000e+001 0.00000000e+000
1.22000000e+002 5.88000000e+000 1.00000000e+000 6.90000000e+001 1.00000000e+000
1.16000000e+002 3.05000000e+000 0.00000000e+000 4.10000000e+001 0.00000000e+000
1.32000000e+002 9.80000000e-001 0.00000000e+000 6.20000000e+001 0.00000000e+000
1.34000000e+002 2.40000000e+000 0.00000000e+000 5.70000000e+001 0.00000000e+000
1.60000000e+002 8.07000000e+000 0.00000000e+000 6.40000000e+001 1.00000000e+000
1.80000000e+002 4.23000000e+000 0.00000000e+000 5.50000000e+001 1.00000000e+000
1.24000000e+002 6.16000000e+000 0.00000000e+000 3.50000000e+001 0.00000000e+000
1.14000000e+002 4.97000000e+000 0.00000000e+000 2.60000000e+001 0.00000000e+000
2.08000000e+002 7.41000000e+000 0.00000000e+000 5.00000000e+001 0.00000000e+000
1.38000000e+002 3.14000000e+000 0.00000000e+000 5.40000000e+001 0.00000000e+000
1.64000000e+002 6.95000000e+000 1.00000000e+000 4.70000000e+001 1.00000000e+000
1.44000000e+002 8.13000000e+000 0.00000000e+000 4.60000000e+001 0.00000000e+000
1.36000000e+002 7.39000000e+000 1.00000000e+000 5.00000000e+001 1.00000000e+000
1.32000000e+002 3.52000000e+000 0.00000000e+000 6.00000000e+001 0.00000000e+000
1.43000000e+002 4.86000000e+000 0.00000000e+000 5.80000000e+001 0.00000000e+000
1.12000000e+002 7.18000000e+000 1.00000000e+000 6.90000000e+001 1.00000000e+000
1.34000000e+002 3.79000000e+000 0.00000000e+000 4.20000000e+001 1.00000000e+000
1.38000000e+002 5.11000000e+000 1.00000000e+000 4.90000000e+001 1.00000000e+000
1.88000000e+002 5.47000000e+000 1.00000000e+000 7.10000000e+001 1.00000000e+000
1.10000000e+002 3.36000000e+000 1.00000000e+000 5.40000000e+001 1.00000000e+000
1.36000000e+002 7.18000000e+000 0.00000000e+000 4.80000000e+001 0.00000000e+000
1.30000000e+002 5.46000000e+000 0.00000000e+000 5.30000000e+001 1.00000000e+000
1.22000000e+002 3.76000000e+000 0.00000000e+000 5.60000000e+001 0.00000000e+000
1.38000000e+002 3.24000000e+000 0.00000000e+000 6.00000000e+001 0.00000000e+000
1.30000000e+002 4.13000000e+000 0.00000000e+000 5.40000000e+001 1.00000000e+000
1.26000000e+002 3.78000000e+000 0.00000000e+000 5.50000000e+001 0.00000000e+000
1.76000000e+002 4.89000000e+000 1.00000000e+000 4.60000000e+001 0.00000000e+000
1.22000000e+002 5.49000000e+000 0.00000000e+000 5.70000000e+001 0.00000000e+000
1.24000000e+002 3.23000000e+000 0.00000000e+000 5.90000000e+001 0.00000000e+000
1.40000000e+002 3.58000000e+000 0.00000000e+000 7.00000000e+001 1.00000000e+000
1.28000000e+002 4.37000000e+000 1.00000000e+000 5.00000000e+001 0.00000000e+000
1.90000000e+002 5.05000000e+000 0.00000000e+000 4.50000000e+001 0.00000000e+000
1.44000000e+002 1.05300000e+001 0.00000000e+000 6.30000000e+001 1.00000000e+000
1.26000000e+002 7.40000000e+000 1.00000000e+000 5.70000000e+001 1.00000000e+000
1.28000000e+002 2.63000000e+000 0.00000000e+000 4.50000000e+001 0.00000000e+000
1.36000000e+002 3.91000000e+000 1.00000000e+000 6.30000000e+001 1.00000000e+000
1.58000000e+002 4.18000000e+000 1.00000000e+000 4.20000000e+001 0.00000000e+000
1.60000000e+002 6.94000000e+000 0.00000000e+000 3.60000000e+001 0.00000000e+000
1.24000000e+002 5.21000000e+000 1.00000000e+000 6.40000000e+001 1.00000000e+000
1.58000000e+002 8.12000000e+000 0.00000000e+000 4.60000000e+001 0.00000000e+000
1.28000000e+002 6.34000000e+000 0.00000000e+000 5.70000000e+001 0.00000000e+000
1.66000000e+002 3.82000000e+000 0.00000000e+000 4.50000000e+001 1.00000000e+000
1.46000000e+002 7.21000000e+000 1.00000000e+000 5.50000000e+001 0.00000000e+000
1.61000000e+002 4.65000000e+000 1.00000000e+000 5.80000000e+001 0.00000000e+000
1.64000000e+002 6.26000000e+000 1.00000000e+000 4.70000000e+001 1.00000000e+000
1.46000000e+002 7.03000000e+000 1.00000000e+000 6.30000000e+001 1.00000000e+000
1.42000000e+002 3.57000000e+000 1.00000000e+000 5.10000000e+001 0.00000000e+000
1.38000000e+002 5.13000000e+000 0.00000000e+000 5.90000000e+001 1.00000000e+000
1.54000000e+002 7.13000000e+000 1.00000000e+000 5.20000000e+001 0.00000000e+000
1.18000000e+002 2.39000000e+000 0.00000000e+000 4.90000000e+001 1.00000000e+000
1.24000000e+002 2.69000000e+000 1.00000000e+000 6.10000000e+001 0.00000000e+000
1.24000000e+002 2.84000000e+000 1.00000000e+000 4.60000000e+001 0.00000000e+000
1.36000000e+002 4.19000000e+000 1.00000000e+000 6.80000000e+001 0.00000000e+000
1.32000000e+002 4.63000000e+000 1.00000000e+000 4.60000000e+001 1.00000000e+000
1.18000000e+002 1.96000000e+000 0.00000000e+000 3.70000000e+001 0.00000000e+000
1.18000000e+002 4.16000000e+000 0.00000000e+000 5.70000000e+001 0.00000000e+000
1.34000000e+002 4.96000000e+000 0.00000000e+000 5.30000000e+001 0.00000000e+000
1.14000000e+002 3.95000000e+000 1.00000000e+000 5.70000000e+001 0.00000000e+000
1.36000000e+002 7.84000000e+000 1.00000000e+000 5.80000000e+001 1.00000000e+000
1.30000000e+002 4.16000000e+000 1.00000000e+000 4.60000000e+001 1.00000000e+000
1.36000000e+002 4.16000000e+000 0.00000000e+000 6.50000000e+001 1.00000000e+000
1.36000000e+002 3.16000000e+000 1.00000000e+000 5.60000000e+001 0.00000000e+000
1.54000000e+002 5.59000000e+000 0.00000000e+000 5.80000000e+001 0.00000000e+000
1.08000000e+002 2.47000000e+000 0.00000000e+000 4.70000000e+001 1.00000000e+000
1.36000000e+002 4.69000000e+000 1.00000000e+000 3.80000000e+001 1.00000000e+000
1.74000000e+002 6.57000000e+000 1.00000000e+000 5.00000000e+001 1.00000000e+000
1.24000000e+002 8.22000000e+000 0.00000000e+000 5.60000000e+001 0.00000000e+000
1.14000000e+002 2.63000000e+000 0.00000000e+000 4.50000000e+001 0.00000000e+000
1.18000000e+002 3.26000000e+000 0.00000000e+000 5.50000000e+001 0.00000000e+000
1.06000000e+002 4.37000000e+000 0.00000000e+000 6.70000000e+001 1.00000000e+000
1.46000000e+002 3.51000000e+000 0.00000000e+000 5.10000000e+001 0.00000000e+000
2.06000000e+002 4.17000000e+000 0.00000000e+000 6.90000000e+001 1.00000000e+000
1.34000000e+002 3.17000000e+000 0.00000000e+000 3.50000000e+001 0.00000000e+000
1.48000000e+002 4.98000000e+000 1.00000000e+000 7.20000000e+001 1.00000000e+000
1.26000000e+002 3.95000000e+000 0.00000000e+000 6.10000000e+001 0.00000000e+000
1.34000000e+002 3.69000000e+000 0.00000000e+000 4.30000000e+001 0.00000000e+000
1.34000000e+002 2.80000000e+000 0.00000000e+000 4.50000000e+001 0.00000000e+000
1.23000000e+002 4.61000000e+000 0.00000000e+000 5.10000000e+001 0.00000000e+000
1.12000000e+002 5.28000000e+000 0.00000000e+000 5.50000000e+001 1.00000000e+000
1.12000000e+002 1.71000000e+000 0.00000000e+000 4.20000000e+001 0.00000000e+000
1.01000000e+002 7.26000000e+000 0.00000000e+000 5.00000000e+001 0.00000000e+000
1.50000000e+002 4.14000000e+000 0.00000000e+000 5.30000000e+001 0.00000000e+000
1.70000000e+002 7.22000000e+000 1.00000000e+000 7.10000000e+001 1.00000000e+000
1.34000000e+002 5.63000000e+000 0.00000000e+000 6.80000000e+001 0.00000000e+000
1.42000000e+002 4.19000000e+000 0.00000000e+000 5.60000000e+001 1.00000000e+000
1.32000000e+002 3.28000000e+000 0.00000000e+000 7.30000000e+001 0.00000000e+000
1.36000000e+002 2.28000000e+000 0.00000000e+000 5.50000000e+001 0.00000000e+000
1.32000000e+002 4.51000000e+000 0.00000000e+000 6.10000000e+001 1.00000000e+000
1.66000000e+002 4.00000000e+000 1.00000000e+000 3.20000000e+001 0.00000000e+000
1.38000000e+002 3.96000000e+000 1.00000000e+000 5.30000000e+001 0.00000000e+000
1.38000000e+002 6.41000000e+000 0.00000000e+000 5.80000000e+001 1.00000000e+000
1.70000000e+002 3.12000000e+000 0.00000000e+000 4.70000000e+001 0.00000000e+000
1.28000000e+002 8.41000000e+000 1.00000000e+000 6.00000000e+001 1.00000000e+000
1.36000000e+002 2.78000000e+000 0.00000000e+000 5.20000000e+001 0.00000000e+000
1.28000000e+002 3.22000000e+000 1.00000000e+000 3.90000000e+001 0.00000000e+000
1.50000000e+002 5.04000000e+000 1.00000000e+000 6.00000000e+001 0.00000000e+000
1.32000000e+002 3.57000000e+000 0.00000000e+000 4.20000000e+001 1.00000000e+000
1.42000000e+002 2.55000000e+000 0.00000000e+000 5.40000000e+001 0.00000000e+000
1.30000000e+002 2.44000000e+000 1.00000000e+000 6.70000000e+001 0.00000000e+000
1.74000000e+002 5.26000000e+000 1.00000000e+000 3.60000000e+001 1.00000000e+000
1.14000000e+002 2.51000000e+000 0.00000000e+000 4.90000000e+001 0.00000000e+000
1.62000000e+002 2.46000000e+000 1.00000000e+000 4.90000000e+001 1.00000000e+000
1.74000000e+002 3.27000000e+000 0.00000000e+000 5.80000000e+001 0.00000000e+000
1.90000000e+002 6.03000000e+000 0.00000000e+000 4.20000000e+001 0.00000000e+000
1.54000000e+002 1.72000000e+000 0.00000000e+000 5.80000000e+001 0.00000000e+000
1.24000000e+002 2.28000000e+000 1.00000000e+000 5.00000000e+001 0.00000000e+000
1.14000000e+002 3.98000000e+000 0.00000000e+000 4.90000000e+001 0.00000000e+000
1.68000000e+002 5.08000000e+000 1.00000000e+000 5.60000000e+001 1.00000000e+000
1.42000000e+002 4.24000000e+000 0.00000000e+000 5.20000000e+001 0.00000000e+000
1.54000000e+002 4.81000000e+000 1.00000000e+000 5.60000000e+001 0.00000000e+000
1.46000000e+002 4.31000000e+000 1.00000000e+000 4.70000000e+001 0.00000000e+000
1.66000000e+002 3.02000000e+000 0.00000000e+000 3.50000000e+001 0.00000000e+000
1.40000000e+002 3.90000000e+000 1.00000000e+000 5.20000000e+001 1.00000000e+000
1.36000000e+002 3.53000000e+000 0.00000000e+000 5.60000000e+001 0.00000000e+000
1.56000000e+002 3.47000000e+000 0.00000000e+000 7.30000000e+001 1.00000000e+000
1.32000000e+002 6.63000000e+000 1.00000000e+000 3.70000000e+001 0.00000000e+000
1.28000000e+002 2.98000000e+000 0.00000000e+000 6.50000000e+001 0.00000000e+000
1.06000000e+002 3.20000000e+000 0.00000000e+000 4.90000000e+001 0.00000000e+000
1.44000000e+002 4.64000000e+000 0.00000000e+000 3.00000000e+001 0.00000000e+000
1.54000000e+002 2.33000000e+000 0.00000000e+000 3.30000000e+001 0.00000000e+000
1.26000000e+002 2.01000000e+000 1.00000000e+000 5.60000000e+001 0.00000000e+000
1.34000000e+002 8.49000000e+000 1.00000000e+000 5.60000000e+001 1.00000000e+000
1.52000000e+002 4.22000000e+000 0.00000000e+000 2.80000000e+001 1.00000000e+000
1.46000000e+002 6.39000000e+000 0.00000000e+000 5.10000000e+001 1.00000000e+000
1.62000000e+002 4.55000000e+000 1.00000000e+000 5.20000000e+001 0.00000000e+000
1.30000000e+002 3.56000000e+000 1.00000000e+000 2.00000000e+001 1.00000000e+000
1.38000000e+002 7.24000000e+000 0.00000000e+000 3.80000000e+001 0.00000000e+000
1.48000000e+002 5.32000000e+000 1.00000000e+000 5.20000000e+001 0.00000000e+000
1.24000000e+002 2.94000000e+000 0.00000000e+000 5.00000000e+001 0.00000000e+000
1.18000000e+002 9.01000000e+000 0.00000000e+000 5.90000000e+001 0.00000000e+000
1.16000000e+002 7.02000000e+000 1.00000000e+000 6.80000000e+001 1.00000000e+000
1.62000000e+002 5.73000000e+000 1.00000000e+000 4.60000000e+001 1.00000000e+000
1.38000000e+002 1.87000000e+000 0.00000000e+000 4.40000000e+001 0.00000000e+000
1.37000000e+002 3.14000000e+000 0.00000000e+000 6.60000000e+001 0.00000000e+000
1.98000000e+002 1.18900000e+001 1.00000000e+000 4.80000000e+001 1.00000000e+000
1.54000000e+002 4.75000000e+000 1.00000000e+000 4.30000000e+001 1.00000000e+000
1.28000000e+002 2.36000000e+000 0.00000000e+000 5.10000000e+001 0.00000000e+000
1.30000000e+002 5.59000000e+000 1.00000000e+000 5.00000000e+001 1.00000000e+000
1.62000000e+002 4.24000000e+000 0.00000000e+000 2.90000000e+001 0.00000000e+000
1.20000000e+002 2.70000000e+000 1.00000000e+000 5.40000000e+001 0.00000000e+000
1.36000000e+002 2.58000000e+000 1.00000000e+000 5.30000000e+001 0.00000000e+000
1.76000000e+002 8.28000000e+000 1.00000000e+000 4.20000000e+001 1.00000000e+000
1.34000000e+002 4.01000000e+000 1.00000000e+000 3.80000000e+001 1.00000000e+000
1.22000000e+002 5.28000000e+000 1.00000000e+000 5.10000000e+001 0.00000000e+000
1.34000000e+002 3.18000000e+000 1.00000000e+000 5.20000000e+001 1.00000000e+000
1.34000000e+002 2.43000000e+000 0.00000000e+000 5.20000000e+001 0.00000000e+000
1.36000000e+002 6.08000000e+000 0.00000000e+000 6.40000000e+001 0.00000000e+000
1.32000000e+002 5.15000000e+000 1.00000000e+000 3.10000000e+001 0.00000000e+000
1.52000000e+002 3.58000000e+000 0.00000000e+000 5.00000000e+001 0.00000000e+000
1.32000000e+002 5.96000000e+000 1.00000000e+000 5.70000000e+001 1.00000000e+000
1.24000000e+002 3.67000000e+000 0.00000000e+000 4.30000000e+001 0.00000000e+000
1.40000000e+002 2.91000000e+000 1.00000000e+000 4.30000000e+001 0.00000000e+000
1.66000000e+002 2.42000000e+000 1.00000000e+000 5.30000000e+001 0.00000000e+000
1.56000000e+002 5.35000000e+000 1.00000000e+000 5.30000000e+001 1.00000000e+000
1.32000000e+002 4.37000000e+000 0.00000000e+000 4.80000000e+001 0.00000000e+000
1.50000000e+002 4.99000000e+000 0.00000000e+000 5.70000000e+001 0.00000000e+000
1.34000000e+002 3.40000000e+000 1.00000000e+000 3.30000000e+001 0.00000000e+000
1.26000000e+002 4.87000000e+000 1.00000000e+000 6.50000000e+001 0.00000000e+000
1.48000000e+002 5.97000000e+000 0.00000000e+000 5.40000000e+001 0.00000000e+000
1.48000000e+002 7.75000000e+000 1.00000000e+000 4.60000000e+001 1.00000000e+000
1.32000000e+002 5.97000000e+000 1.00000000e+000 6.60000000e+001 0.00000000e+000
1.28000000e+002 5.41000000e+000 0.00000000e+000 6.80000000e+001 0.00000000e+000
1.28000000e+002 4.90000000e+000 1.00000000e+000 5.70000000e+001 0.00000000e+000
1.40000000e+002 2.40000000e+000 1.00000000e+000 7.00000000e+001 0.00000000e+000
1.26000000e+002 5.29000000e+000 0.00000000e+000 2.50000000e+001 0.00000000e+000
1.14000000e+002 4.16000000e+000 0.00000000e+000 6.00000000e+001 0.00000000e+000
1.18000000e+002 4.69000000e+000 1.00000000e+000 5.20000000e+001 0.00000000e+000
1.26000000e+002 4.99000000e+000 0.00000000e+000 6.60000000e+001 0.00000000e+000
1.54000000e+002 4.68000000e+000 0.00000000e+000 6.10000000e+001 1.00000000e+000
1.12000000e+002 2.71000000e+000 0.00000000e+000 5.90000000e+001 0.00000000e+000
1.40000000e+002 4.42000000e+000 1.00000000e+000 4.70000000e+001 0.00000000e+000
1.40000000e+002 1.14100000e+001 1.00000000e+000 7.40000000e+001 1.00000000e+000
1.28000000e+002 4.94000000e+000 0.00000000e+000 6.10000000e+001 0.00000000e+000
1.26000000e+002 6.03000000e+000 0.00000000e+000 4.90000000e+001 0.00000000e+000
1.60000000e+002 6.76000000e+000 1.00000000e+000 6.10000000e+001 1.00000000e+000
1.44000000e+002 4.17000000e+000 1.00000000e+000 5.20000000e+001 0.00000000e+000
1.48000000e+002 1.04900000e+001 0.00000000e+000 5.00000000e+001 1.00000000e+000
1.46000000e+002 4.92000000e+000 0.00000000e+000 5.70000000e+001 0.00000000e+000
1.64000000e+002 3.17000000e+000 1.00000000e+000 4.40000000e+001 1.00000000e+000
1.30000000e+002 3.63000000e+000 1.00000000e+000 6.90000000e+001 1.00000000e+000
1.54000000e+002 5.63000000e+000 1.00000000e+000 5.90000000e+001 1.00000000e+000
1.78000000e+002 4.75000000e+000 0.00000000e+000 4.90000000e+001 0.00000000e+000
1.80000000e+002 3.57000000e+000 0.00000000e+000 3.60000000e+001 0.00000000e+000
1.34000000e+002 2.73000000e+000 0.00000000e+000 4.80000000e+001 0.00000000e+000
1.42000000e+002 3.54000000e+000 0.00000000e+000 5.80000000e+001 0.00000000e+000
1.62000000e+002 7.67000000e+000 1.00000000e+000 3.30000000e+001 0.00000000e+000
2.18000000e+002 2.77000000e+000 0.00000000e+000 3.80000000e+001 1.00000000e+000
1.26000000e+002 6.06000000e+000 1.00000000e+000 3.30000000e+001 1.00000000e+000
1.26000000e+002 3.57000000e+000 0.00000000e+000 6.10000000e+001 0.00000000e+000
1.34000000e+002 4.77000000e+000 0.00000000e+000 4.70000000e+001 0.00000000e+000
1.32000000e+002 4.17000000e+000 0.00000000e+000 5.70000000e+001 0.00000000e+000
1.78000000e+002 3.79000000e+000 1.00000000e+000 4.50000000e+001 1.00000000e+000
2.08000000e+002 5.19000000e+000 1.00000000e+000 5.20000000e+001 1.00000000e+000
1.60000000e+002 1.01900000e+001 0.00000000e+000 3.10000000e+001 0.00000000e+000
1.16000000e+002 5.67000000e+000 1.00000000e+000 5.40000000e+001 0.00000000e+000
1.80000000e+002 3.70000000e+000 1.00000000e+000 5.70000000e+001 1.00000000e+000
2.00000000e+002 4.43000000e+000 1.00000000e+000 5.50000000e+001 1.00000000e+000
1.12000000e+002 3.58000000e+000 0.00000000e+000 5.20000000e+001 0.00000000e+000
1.20000000e+002 3.10000000e+000 0.00000000e+000 4.10000000e+001 0.00000000e+000
1.78000000e+002 9.78000000e+000 0.00000000e+000 3.70000000e+001 1.00000000e+000
1.66000000e+002 5.63000000e+000 0.00000000e+000 5.00000000e+001 0.00000000e+000
1.64000000e+002 1.41600000e+001 0.00000000e+000 5.20000000e+001 1.00000000e+000
2.16000000e+002 2.66000000e+000 1.00000000e+000 4.90000000e+001 1.00000000e+000
1.46000000e+002 5.62000000e+000 1.00000000e+000 5.70000000e+001 0.00000000e+000
1.34000000e+002 3.54000000e+000 1.00000000e+000 5.80000000e+001 1.00000000e+000
1.58000000e+002 5.56000000e+000 0.00000000e+000 3.60000000e+001 0.00000000e+000
1.76000000e+002 3.14000000e+000 1.00000000e+000 4.50000000e+001 0.00000000e+000
1.32000000e+002 4.79000000e+000 1.00000000e+000 5.00000000e+001 0.00000000e+000
1.26000000e+002 4.55000000e+000 0.00000000e+000 4.80000000e+001 0.00000000e+000
1.20000000e+002 3.51000000e+000 0.00000000e+000 4.60000000e+001 0.00000000e+000
1.74000000e+002 3.86000000e+000 0.00000000e+000 4.20000000e+001 0.00000000e+000
1.50000000e+002 5.10000000e+000 1.00000000e+000 5.20000000e+001 1.00000000e+000
1.76000000e+002 3.98000000e+000 1.00000000e+000 5.20000000e+001 1.00000000e+000
1.42000000e+002 3.29000000e+000 0.00000000e+000 4.40000000e+001 1.00000000e+000
1.32000000e+002 3.30000000e+000 0.00000000e+000 4.20000000e+001 0.00000000e+000
1.42000000e+002 7.63000000e+000 1.00000000e+000 5.70000000e+001 0.00000000e+000
1.46000000e+002 2.28000000e+000 0.00000000e+000 5.00000000e+001 0.00000000e+000
1.32000000e+002 3.65000000e+000 1.00000000e+000 5.60000000e+001 0.00000000e+000
1.20000000e+002 3.57000000e+000 0.00000000e+000 5.80000000e+001 0.00000000e+000
1.18000000e+002 3.89000000e+000 0.00000000e+000 6.50000000e+001 0.00000000e+000
1.08000000e+002 1.43000000e+000 0.00000000e+000 4.20000000e+001 0.00000000e+000
1.36000000e+002 4.00000000e+000 0.00000000e+000 4.00000000e+001 0.00000000e+000
1.20000000e+002 2.46000000e+000 0.00000000e+000 4.70000000e+001 0.00000000e+000
1.32000000e+002 3.55000000e+000 1.00000000e+000 6.10000000e+001 0.00000000e+000
1.36000000e+002 1.77000000e+000 0.00000000e+000 4.50000000e+001 0.00000000e+000
1.38000000e+002 1.86000000e+000 1.00000000e+000 5.90000000e+001 0.00000000e+000
1.38000000e+002 4.15000000e+000 0.00000000e+000 4.90000000e+001 0.00000000e+000
1.30000000e+002 3.30000000e+000 0.00000000e+000 5.00000000e+001 0.00000000e+000
1.30000000e+002 2.40000000e+000 0.00000000e+000 6.00000000e+001 0.00000000e+000
1.10000000e+002 7.14000000e+000 0.00000000e+000 5.70000000e+001 0.00000000e+000
1.20000000e+002 3.98000000e+000 1.00000000e+000 4.70000000e+001 0.00000000e+000
1.66000000e+002 8.80000000e+000 0.00000000e+000 3.90000000e+001 0.00000000e+000
1.34000000e+002 4.75000000e+000 0.00000000e+000 6.70000000e+001 0.00000000e+000
1.42000000e+002 3.69000000e+000 0.00000000e+000 6.00000000e+001 0.00000000e+000
1.36000000e+002 2.53000000e+000 1.00000000e+000 6.10000000e+001 0.00000000e+000
1.42000000e+002 4.32000000e+000 0.00000000e+000 4.70000000e+001 1.00000000e+000
1.30000000e+002 1.88000000e+000 1.00000000e+000 5.20000000e+001 0.00000000e+000
1.24000000e+002 3.74000000e+000 1.00000000e+000 4.20000000e+001 0.00000000e+000
1.44000000e+002 5.03000000e+000 1.00000000e+000 5.70000000e+001 1.00000000e+000
1.36000000e+002 3.31000000e+000 0.00000000e+000 6.30000000e+001 0.00000000e+000
1.20000000e+002 2.77000000e+000 0.00000000e+000 6.70000000e+001 0.00000000e+000
1.54000000e+002 3.20000000e+000 1.00000000e+000 6.10000000e+001 0.00000000e+000
1.24000000e+002 7.22000000e+000 1.00000000e+000 3.60000000e+001 1.00000000e+000
1.46000000e+002 4.82000000e+000 0.00000000e+000 6.00000000e+001 1.00000000e+000
1.28000000e+002 2.83000000e+000 0.00000000e+000 4.80000000e+001 1.00000000e+000
1.70000000e+002 4.11000000e+000 1.00000000e+000 5.60000000e+001 0.00000000e+000
2.14000000e+002 5.98000000e+000 0.00000000e+000 6.40000000e+001 0.00000000e+000